
Time: 0.000007
Result: 1, 8, 8, 0, 8, 0, 0, 20, 12.656970
