
Time: 0.002526
Result: 1713, 0, 380, 380, 34, 4, 3, 171, 37.146709
