
Time: 0.000075
Result: 8, 8, 8, 0, 8, 0, 0, 27, 106.822609
