
Time: 0.004481
Result: 300, 397, 1172, 775, 958, 64, 24, 133, 16.833260
