
Time: 0.000445
Result: 300, 7, 103, 96, 50, 3, 5, 100, 32.557220
