
Time: 0.000122
Result: 98, 0, 2, 2, 2, 1, 1, 71, 33.200260
