
Time: 0.000049
Result: 36, 0, 9, 9, 8, 1, 2, 55, 29.210960
