
Time: 0.002163
Result: 600, 185, 1327, 1142, 308, 128, 14, 60, 171.353485
