
Time: 0.000338
Result: 300, 3, 19, 16, 8, 1, 2, 73, 27.659410
