
Time: 0.000376
Result: 300, 3, 22, 19, 8, 2, 1, 150, 27.448589
