
Time: 0.110223
Result: 26, 0, 8, 8, 8, 0, 2, 45, 24.928341
