
Time: 0.000151
Result: 116, 0, 13, 13, 8, 2, 2, 48, 33.510960
