
Time: 0.002460
Result: 600, 123, 908, 785, 180, 15, 8, 161, 33.671989
