
Time: 0.000182
Result: 123, 0, 13, 13, 8, 2, 2, 56, 33.510960
