
Time: 0.489270
Result: 48, 0, 250000, 250000, 250000, 0, 22825, 62, 11.899510
