
Time: 0.002911
Result: 600, 213, 1622, 1409, 431, 163, 18, 88, 76.350693
