
Time: 1.678349
Result: 53, 0, 250000, 250000, 250000, 0, 21961, 62, 13.370770
