
Time: 1.043771
Result: 33, 0, 250000, 250000, 250000, 0, 24874, 50, 8.826140
