
Time: 1.601259
Result: 49, 0, 250000, 250000, 250000, 0, 21972, 66, 13.932200
