
Time: 5.424058
Result: 49, 0, 250001, 250001, 250000, 1, 21811, 66, 14.734940
