
Time: 1.577064
Result: 49, 0, 250001, 250001, 250000, 1, 22041, 63, 13.944310
