
Time: 4.673971
Result: 52, 0, 2500001, 2500001, 2500000, 1, 228440, 67, 13.014320
