
Time: 1.704815
Result: 54, 0, 250000, 250000, 250000, 0, 22011, 70, 14.288340
