
Time: 1.680749
Result: 53, 0, 250000, 250000, 250000, 0, 21961, 62, 13.370770
