
Time: 0.000043
Result: 26, 0, 25, 25, 25, 0, 5, 45, 6.587840
