
Time: 0.000063
Result: 50, 0, 9, 9, 8, 1, 2, 43, 19.738810
