
Time: 0.000387
Result: 300, 9, 40, 31, 13, 2, 1, 140, 32.703819
