
Time: 0.000047
Result: 34, 0, 8, 8, 8, 0, 2, 45, 6.234220
