
Time: 3.636584
Result: 30, 0, 10, 10, 10, 0, 2, 43, 16.296169
