
Time: 0.001019
Result: 600, 41, 243, 202, 45, 16, 4, 100, 41.124889
