
Time: 0.000150
Result: 17, 0, 5, 5, 5, 0, 3, 36, 2.830480
