
Time: 0.000218
Result: 24, 0, 5, 5, 5, 0, 3, 43, 2.864450
