
Time: 2.162224
Result: 24, 0, 5, 5, 5, 0, 3, 43, 6.513150
