
Time: 0.000224
Result: 24, 0, 50, 50, 50, 0, 11, 43, 2.864450
