
Time: 0.000210
Result: 24, 0, 5, 5, 5, 0, 3, 43, 28.644051
