
Time: 2.448022
Result: 23, 0, 5, 5, 5, 0, 2, 40, 8.651070
