
Time: 2.199973
Result: 24, 0, 50, 50, 50, 0, 13, 43, 6.513150
