
Time: 0.000233
Result: 24, 0, 50, 50, 50, 0, 8, 43, 4.516230
