
Time: 0.000323
Result: 31, 0, 50, 50, 50, 0, 11, 43, 28.644051
