
Time: 0.000002
Result: 1, 8, 8, 0, 8, 0, 0, 20, 0.000000
