
Time: 2.923777
Result: 500, 70996, 1362498, 1291502, 1000449, 1184, 80705, 334, 22.151159
