
Time: 0.002868
Result: 27, 0, 8, 8, 8, 0, 2, 39, 178.259201
