
Time: 0.000018
Result: 12, 3, 3, 0, 3, 1, 0, 31, 110.773460
