
Time: 14.836076
Result: 595, 0, 281943, 281943, 250000, 1016, 18091, 182, 64.529770
