
Time: 18.962329
Result: 10000, 31112, 3806324, 3775212, 31647, 534, 521, 272, 49.912041
