
Time: 0.002602
Result: 27, 0, 8, 8, 8, 0, 2, 39, 9.104500
