
Time: 15.227321
Result: 1000, 24831, 95153, 70322, 24831, 427, 336, 224, 307.295349
