
Time: 1.098209
Result: 80, 0, 9, 9, 8, 1, 1, 91, 53.641071
