
Time: 0.000491
Result: 300, 12, 32, 20, 12, 2, 2, 148, 32.703819
