
Time: 0.005381
Result: 3000, 18, 649, 631, 31, 5, 3, 148, 35.101353
