
Time: 0.000043
Result: 24, 0, 8, 8, 8, 0, 3, 43, 0.000000
