
Time: 0.000025
Result: 1, 8, 8, 0, 8, 0, 0, 20, 381.689209
