
Time: 0.007153
Result: 300, 389, 1136, 747, 941, 114, 25, 136, 16.415464
