
Time: 0.000544
Result: 300, 13, 92, 79, 50, 4, 6, 98, 32.627949
