
Time: 0.000468
Result: 300, 12, 20, 8, 12, 2, 1, 148, 33.200199
