
Time: 0.000056
Result: 28, 0, 9, 9, 8, 1, 2, 41, 29.210926
