
Time: 0.002730
Result: 600, 196, 1261, 1065, 306, 120, 13, 61, 171.353394
