
Time: 0.000428
Result: 280, 0, 15, 15, 8, 1, 2, 73, 27.659344
