
Time: 0.000058
Result: 31, 0, 8, 8, 8, 0, 2, 48, 23.703094
