
Time: 0.001245
Result: 600, 28, 242, 214, 50, 18, 4, 76, 34.369251
