
Time: 0.143492
Result: 24, 0, 8, 8, 8, 0, 2, 42, 24.903004
