
Time: 0.000552
Result: 300, 50, 97, 47, 50, 18, 3, 64, 34.369251
