
Time: 0.003228
Result: 600, 141, 931, 790, 179, 27, 9, 180, 33.671970
