
Time: 0.001350
Result: 600, 29, 265, 236, 59, 24, 5, 90, 34.369740
