
Time: 0.003544
Result: 600, 251, 1590, 1339, 427, 173, 15, 94, 76.350609
