
Time: 0.578747
Result: 45, 0, 250000, 250000, 250000, 0, 22775, 62, 11.853787
