
Time: 0.590256
Result: 45, 0, 250000, 250000, 250000, 0, 22775, 62, 11.853787
