
Time: 2.322411
Result: 52, 0, 250000, 250000, 250000, 0, 21903, 64, 13.370742
