
Time: 1.272536
Result: 33, 0, 250000, 250000, 250000, 0, 24859, 48, 8.826153
