
Time: 22.303822
Result: 589, 0, 282385, 282385, 250000, 1000, 18094, 175, 64.529694
