
Time: 2.230818
Result: 50, 0, 250000, 250000, 250000, 0, 21885, 66, 13.932180
