
Time: 2.093640
Result: 46, 0, 250001, 250001, 250000, 1, 21967, 63, 13.944266
