
Time: 5.553832
Result: 52, 0, 2500001, 2500001, 2500000, 1, 228521, 67, 13.370742
