
Time: 7.836413
Result: 49, 0, 250001, 250001, 250000, 1, 21738, 66, 14.734908
