
Time: 2.379206
Result: 54, 0, 250000, 250000, 250000, 0, 22059, 70, 14.288338
