
Time: 0.000077
Result: 47, 0, 9, 9, 8, 1, 2, 43, 19.738802
