
Time: 0.000059
Result: 28, 0, 25, 25, 25, 0, 5, 45, 6.587774
