
Time: 0.001258
Result: 600, 18, 207, 189, 44, 19, 3, 72, 41.124821
