
Time: 6.344175
Result: 32, 0, 10, 10, 10, 0, 2, 44, 16.296133
