
Time: 2.763071
Result: 24, 0, 5, 5, 5, 0, 2, 43, 6.513139
