
Time: 0.000283
Result: 24, 0, 5, 5, 5, 0, 3, 43, 4.516214
