
Time: 0.000265
Result: 24, 0, 5, 5, 5, 0, 3, 43, 286.440002
