
Time: 0.000296
Result: 24, 0, 50, 50, 50, 0, 11, 43, 2.864400
