
Time: 0.000512
Result: 25, 0, 500, 500, 500, 0, 57, 44, 2.864400
