
Time: 3.614387
Result: 23, 0, 5, 5, 5, 0, 1, 40, 8.651047
