
Time: 2.764517
Result: 24, 0, 5, 5, 5, 0, 3, 43, 65.131386
