
Time: 2.746066
Result: 24, 0, 50, 50, 50, 0, 12, 43, 6.513139
