
Time: 0.000285
Result: 24, 0, 5, 5, 5, 0, 3, 43, 45.162144
