
Time: 0.000008
Result: 1, 8, 8, 0, 8, 0, 0, 20, 0.000000
