
Time: 0.003563
Result: 27, 0, 8, 8, 8, 0, 2, 39, 178.259140
