
Time: 26.175636
Result: 1000, 23474, 88106, 64632, 23474, 440, 312, 227, 307.295288
