
Time: 1.679760
Result: 75, 0, 9, 9, 8, 1, 1, 92, 53.641056
